40 2 30 7.995796
40 2 45 1.059485
40 2 60 0.007662
40 2 80 0.007377
40 2 90 0.008680
40 3 30 4.479968
40 3 45 0.005144
40 3 60 0.004349
40 3 80 0.004740
40 3 90 0.005495
40 4 30 0.006127
40 4 45 0.003764
40 4 60 0.003213
40 4 80 0.003545
40 4 90 0.004419
40 5 30 0.004831
40 5 45 0.003133
40 5 60 0.002674
40 5 80 0.003118
40 5 90 0.003768
40 6 30 0.003691
40 6 45 0.002652
40 6 60 0.002280
40 6 80 0.002512
40 6 90 0.003033
40 7 30 0.003224
40 7 45 0.002305
40 7 60 0.002070
40 7 80 0.002328
40 7 90 0.003127
40 8 30 0.002784
40 8 45 0.001974
40 8 60 0.001779
40 8 80 0.002161
40 8 90 0.002419
40 9 30 0.002494
40 9 45 0.001841
40 9 60 0.001636
40 9 80 0.001877
40 9 90 0.002198
